Gaussian learning of means/std devs for data/stroke-data-original-train-conv2num.csv
Gaussian learning time:0.017139434814453125

0.37080530680419443, 0.6291946931958055, 0, 1, wrong
0.4128049003815859, 0.5871950996184141, 0, 1, wrong
0.42522878890693167, 0.5747712110930684, 0, 1, wrong
0.4601236285277512, 0.5398763714722488, 0, 1, wrong
0.41925002136445383, 0.580749978635546, 0, 1, wrong
0.42002809886469483, 0.5799719011353053, 0, 1, wrong
0.3534244946010553, 0.6465755053989446, 0, 1, wrong
0.42290734958535686, 0.5770926504146431, 0, 1, wrong
0.4556847952054127, 0.5443152047945873, 0, 1, wrong
0.45749111389662517, 0.5425088861033749, 0, 1, wrong
0.4201746605349964, 0.5798253394650036, 0, 1, wrong
0.44269143658104715, 0.5573085634189529, 0, 1, wrong
0.4251507803332274, 0.5748492196667725, 0, 1, wrong
0.36288095388766695, 0.637119046112333, 0, 1, wrong
0.4550709783871731, 0.5449290216128269, 0, 1, wrong
0.4538706913532011, 0.546129308646799, 0, 1, wrong
0.4123769640879042, 0.5876230359120959, 0, 1, wrong
0.41939249966205433, 0.5806075003379456, 0, 1, wrong
0.42386043094739206, 0.5761395690526079, 0, 1, wrong
0.41100290625536723, 0.5889970937446328, 0, 1, wrong
0.4487081446476978, 0.5512918553523022, 0, 1, wrong
0.4113481801246646, 0.5886518198753354, 0, 1, wrong
0.4129661963797066, 0.5870338036202934, 0, 1, wrong
0.41575427655120223, 0.5842457234487978, 0, 1, wrong
0.42449287900213356, 0.5755071209978665, 0, 1, wrong
0.4212878017631959, 0.578712198236804, 0, 1, wrong
0.44821672009077634, 0.5517832799092236, 0, 1, wrong
0.4258624682938569, 0.5741375317061431, 0, 1, wrong
0.41963747511827143, 0.5803625248817286, 0, 1, wrong
0.4490586284614721, 0.5509413715385278, 0, 1, wrong
0.42532891078000507, 0.574671089219995, 0, 1, wrong
0.4199883245875876, 0.5800116754124125, 0, 1, wrong
0.40260837700671465, 0.5973916229932853, 0, 1, wrong
0.4426849702622358, 0.5573150297377643, 0, 1, wrong
0.5053772267882183, 0.4946227732117817, 1, 1, correct
0.45515128768703295, 0.5448487123129669, 0, 1, wrong
0.3929472665704331, 0.6070527334295669, 0, 1, wrong
0.4531288084828237, 0.5468711915171763, 0, 1, wrong
0.45427854832719505, 0.5457214516728048, 0, 1, wrong
0.42085202724006676, 0.5791479727599332, 0, 1, wrong
0.4566656735069439, 0.543334326493056, 0, 0, correct
0.4174847597757839, 0.582515240224216, 0, 0, correct
0.3634902750055102, 0.6365097249944898, 0, 0, correct
0.4059063177167221, 0.594093682283278, 0, 0, correct
0.4176185764060063, 0.5823814235939937, 0, 0, correct
0.3887212019244985, 0.6112787980755016, 0, 0, correct
0.3368650100544395, 0.6631349899455604, 0, 0, correct
0.4177369539149614, 0.5822630460850386, 0, 0, correct
0.42080624308493214, 0.5791937569150678, 0, 0, correct
0.4128487967579436, 0.5871512032420564, 0, 0, correct
0.41778723130200396, 0.5822127686979961, 0, 0, correct
0.3374723209586399, 0.6625276790413602, 0, 0, correct
0.40950867104063626, 0.5904913289593637, 0, 0, correct
0.42502025309851477, 0.5749797469014852, 0, 0, correct
0.37014521135319983, 0.6298547886468002, 0, 0, correct
0.4197831583123531, 0.5802168416876469, 0, 0, correct
0.35627126089661426, 0.6437287391033858, 0, 0, correct
0.3567652225775023, 0.6432347774224977, 0, 0, correct
0.45462662588493913, 0.5453733741150609, 0, 0, correct
0.42128464471062915, 0.5787153552893709, 0, 0, correct
0.4178365399295867, 0.5821634600704133, 0, 0, correct
0.4624893966405634, 0.5375106033594366, 0, 0, correct
0.42177477878733416, 0.5782252212126658, 0, 0, correct
0.4187918753494235, 0.5812081246505764, 0, 0, correct
0.4170296202777029, 0.582970379722297, 0, 0, correct
0.32790142225979746, 0.6720985777402025, 0, 0, correct
0.4570386613942892, 0.5429613386057107, 0, 0, correct
0.4150491595937909, 0.584950840406209, 0, 0, correct
0.41902974471624505, 0.580970255283755, 0, 0, correct
0.4485103937051104, 0.5514896062948896, 0, 0, correct
0.3279271817026119, 0.6720728182973881, 0, 0, correct
0.34016122084903827, 0.6598387791509617, 0, 0, correct
0.41574575684931975, 0.5842542431506802, 0, 0, correct
0.35084558085027945, 0.6491544191497205, 0, 0, correct
0.4133633134364176, 0.5866366865635825, 0, 0, correct
0.3283205554656495, 0.6716794445343506, 0, 0, correct
0.4603778345572067, 0.5396221654427933, 0, 0, correct
0.4191177031509246, 0.5808822968490754, 0, 0, correct
0.44005385542105946, 0.5599461445789405, 0, 0, correct
0.3395995267217874, 0.6604004732782125, 0, 0, correct
0.41226163007992095, 0.5877383699200791, 0, 0, correct
0.3694336118378427, 0.6305663881621574, 0, 0, correct
0.4180612772364626, 0.5819387227635374, 0, 0, correct
0.36929453168833015, 0.6307054683116697, 0, 0, correct
0.41005776866091237, 0.5899422313390875, 0, 0, correct
0.4537807439138014, 0.5462192560861987, 0, 0, correct
0.420256929444982, 0.579743070555018, 0, 0, correct
0.4042528250575984, 0.5957471749424016, 0, 0, correct
0.36405759194992815, 0.6359424080500719, 0, 0, correct
0.4462025524541154, 0.5537974475458844, 0, 0, correct
0.4187718509035273, 0.5812281490964728, 0, 0, correct
0.4261543758736651, 0.573845624126335, 0, 0, correct
0.33123169675636593, 0.668768303243634, 0, 0, correct
0.4232260404830605, 0.5767739595169394, 0, 0, correct
0.4255912496776805, 0.5744087503223195, 0, 0, correct
0.4184385395775626, 0.5815614604224374, 0, 0, correct
0.364588675855086, 0.635411324144914, 0, 0, correct
0.3280647281105946, 0.6719352718894053, 0, 0, correct
0.4562445580206123, 0.5437554419793877, 0, 0, correct
0.36021383323463363, 0.6397861667653663, 0, 0, correct
0.4271279644513429, 0.5728720355486571, 0, 0, correct
0.4230910151736076, 0.5769089848263923, 0, 0, correct
0.4192185542495053, 0.5807814457504947, 0, 0, correct
0.41789664757363837, 0.5821033524263616, 0, 0, correct
0.3368827869453706, 0.6631172130546293, 0, 0, correct
0.3574457478737547, 0.6425542521262453, 0, 0, correct
0.42788195895928466, 0.5721180410407154, 0, 0, correct
0.3652230531678721, 0.6347769468321279, 0, 0, correct
0.41984172035167094, 0.5801582796483291, 0, 0, correct
0.3519943091600773, 0.6480056908399227, 0, 0, correct
0.4230532474927747, 0.5769467525072254, 0, 0, correct
0.4218317637966657, 0.5781682362033344, 0, 0, correct
0.4181572958721635, 0.5818427041278366, 0, 0, correct
0.425450998353292, 0.574549001646708, 0, 0, correct
0.4139571945316508, 0.5860428054683491, 0, 0, correct
0.3369509111884532, 0.6630490888115468, 0, 0, correct
0.4167561192439781, 0.5832438807560218, 0, 0, correct
0.42109020769752553, 0.5789097923024745, 0, 0, correct
0.4192827985880903, 0.5807172014119097, 0, 0, correct
0.41991806183234776, 0.5800819381676523, 0, 0, correct
0.4185702013114361, 0.5814297986885638, 0, 0, correct
0.34086225385835006, 0.6591377461416499, 0, 0, correct
0.4224643153349969, 0.577535684665003, 0, 0, correct
0.45656580442425393, 0.5434341955757461, 0, 0, correct
0.4233578336907508, 0.5766421663092491, 0, 0, correct
0.4180040240447597, 0.5819959759552402, 0, 0, correct
0.46593900194535726, 0.5340609980546427, 0, 0, correct
0.34924906846634507, 0.6507509315336549, 0, 0, correct
0.3663370348385646, 0.6336629651614353, 0, 0, correct
0.417953541412712, 0.5820464585872879, 0, 0, correct
0.41694477435943883, 0.5830552256405611, 0, 0, correct
0.4208118535715693, 0.5791881464284308, 0, 0, correct
0.349915785478851, 0.650084214521149, 0, 0, correct
0.4212217965142716, 0.5787782034857283, 0, 0, correct
0.35200573335406293, 0.6479942666459371, 0, 0, correct
0.4242687292160538, 0.5757312707839461, 0, 0, correct
0.4158972120774722, 0.5841027879225278, 0, 0, correct
0.42793297867809293, 0.572067021321907, 0, 0, correct
0.40639777585550213, 0.5936022241444979, 0, 0, correct
0.3369127980986111, 0.663087201901389, 0, 0, correct
0.36328545592381956, 0.6367145440761804, 0, 0, correct
0.4017298124980307, 0.5982701875019693, 0, 0, correct
0.45239113694620725, 0.5476088630537927, 0, 0, correct
0.3686490092773176, 0.6313509907226823, 0, 0, correct
0.42220732550501605, 0.577792674494984, 0, 0, correct
0.4175654856529051, 0.5824345143470949, 0, 0, correct
0.4165477236606392, 0.5834522763393609, 0, 0, correct
0.42006281215054014, 0.5799371878494598, 0, 0, correct
0.40151659218922453, 0.5984834078107754, 0, 0, correct
0.4332927949872701, 0.5667072050127299, 0, 0, correct
0.33767689337898377, 0.6623231066210162, 0, 0, correct
0.4028927381267015, 0.5971072618732985, 0, 0, correct
0.4135516828712003, 0.5864483171287996, 0, 0, correct
0.3276168819411391, 0.6723831180588608, 0, 0, correct
0.39665857783786485, 0.6033414221621352, 0, 0, correct
0.3626677669592892, 0.6373322330407107, 0, 0, correct
0.3569674379936567, 0.6430325620063434, 0, 0, correct
0.42336158158920467, 0.5766384184107952, 0, 0, correct
0.4563669320910506, 0.5436330679089494, 0, 0, correct
0.4473755401209094, 0.5526244598790906, 0, 0, correct
0.4199204689642013, 0.5800795310357988, 0, 0, correct
0.3495536412721613, 0.6504463587278386, 0, 0, correct
0.4181162973521508, 0.5818837026478492, 0, 0, correct
0.35750847000183444, 0.6424915299981655, 0, 0, correct
0.41142148974541015, 0.5885785102545898, 0, 0, correct
0.4155875392968262, 0.5844124607031739, 0, 0, correct
0.34610487982515864, 0.6538951201748414, 0, 0, correct
0.3280851961517862, 0.6719148038482139, 0, 0, correct
0.42434675015903217, 0.5756532498409678, 0, 0, correct
0.42382490186162247, 0.5761750981383776, 0, 0, correct
0.36318408988465517, 0.6368159101153448, 0, 0, correct
0.4193974906970957, 0.5806025093029044, 0, 0, correct
0.32702242588611136, 0.6729775741138887, 0, 0, correct
0.42228526862493215, 0.5777147313750678, 0, 0, correct
0.35185345667968315, 0.6481465433203168, 0, 0, correct
0.3684067429197348, 0.6315932570802653, 0, 0, correct
0.3633308518212549, 0.6366691481787451, 0, 0, correct
0.4264081221195893, 0.5735918778804107, 0, 0, correct
0.4249927743600885, 0.5750072256399116, 0, 0, correct
0.3363503843566194, 0.6636496156433804, 0, 0, correct
0.32698953290830163, 0.6730104670916984, 0, 0, correct
0.4216019911632134, 0.5783980088367866, 0, 0, correct
0.4009465902776125, 0.5990534097223875, 0, 0, correct
0.4470857754652792, 0.5529142245347209, 0, 0, correct
0.4258486578182959, 0.574151342181704, 0, 0, correct
0.4105185610256121, 0.589481438974388, 0, 0, correct
0.4106068030827138, 0.5893931969172862, 0, 0, correct
0.42607757071225283, 0.5739224292877471, 0, 0, correct
0.4240224901316363, 0.5759775098683636, 0, 0, correct
0.3702543239258067, 0.6297456760741932, 0, 0, correct
0.36582403790919543, 0.6341759620908045, 0, 0, correct
0.41819432765101633, 0.5818056723489836, 0, 0, correct
0.4518860558117113, 0.5481139441882887, 0, 0, correct
0.32789316040258343, 0.6721068395974166, 0, 0, correct
0.4258948670325145, 0.5741051329674856, 0, 0, correct
0.4169040801434092, 0.5830959198565907, 0, 0, correct
0.4246987372133896, 0.5753012627866105, 0, 0, correct
0.41906508450564844, 0.5809349154943516, 0, 0, correct
0.41420695861765605, 0.585793041382344, 0, 0, correct
0.3368706030738432, 0.6631293969261568, 0, 0, correct
0.4203376788867872, 0.5796623211132128, 0, 0, correct
0.420570195382381, 0.579429804617619, 0, 0, correct
0.42595041978257353, 0.5740495802174264, 0, 0, correct
0.41421118361803644, 0.5857888163819636, 0, 0, correct
0.4173522492773367, 0.5826477507226632, 0, 0, correct
0.36113158388037986, 0.6388684161196202, 0, 0, correct
0.3440581766918298, 0.6559418233081702, 0, 0, correct
0.41229490366627963, 0.5877050963337205, 0, 0, correct
0.412468514467827, 0.587531485532173, 0, 0, correct
0.37718705427185073, 0.6228129457281493, 0, 0, correct
0.42461155852917953, 0.5753884414708205, 0, 0, correct
0.34985253924545506, 0.6501474607545449, 0, 0, correct
0.44022898285218043, 0.5597710171478196, 0, 0, correct
0.4195219482343685, 0.5804780517656315, 0, 0, correct
0.3449773056091194, 0.6550226943908806, 0, 0, correct
0.42412820378530736, 0.5758717962146926, 0, 0, correct
0.42408268840709173, 0.5759173115929084, 0, 0, correct
0.4239930219791562, 0.5760069780208437, 0, 0, correct
0.40495216041149856, 0.5950478395885015, 0, 0, correct
0.3511726291880997, 0.6488273708119003, 0, 0, correct
0.45559210776348885, 0.5444078922365111, 0, 0, correct
0.3268811949183264, 0.6731188050816737, 0, 0, correct
0.34180846084425304, 0.6581915391557469, 0, 0, correct
0.42186451716958046, 0.5781354828304195, 0, 0, correct
0.4232442080224792, 0.5767557919775208, 0, 0, correct
0.3509095210421749, 0.6490904789578252, 0, 0, correct
0.41129302802941986, 0.5887069719705801, 0, 0, correct
0.45579828562530283, 0.5442017143746972, 0, 0, correct
0.4111068092706689, 0.5888931907293311, 0, 0, correct
0.42190485641615266, 0.5780951435838473, 0, 0, correct
0.4482918436174028, 0.5517081563825972, 0, 0, correct
0.36992903172444574, 0.6300709682755543, 0, 0, correct
0.41544726326344744, 0.5845527367365525, 0, 0, correct
0.4207770389693476, 0.5792229610306524, 0, 0, correct
0.45423248162748214, 0.5457675183725179, 0, 0, correct
0.37061288847712964, 0.6293871115228704, 0, 0, correct
0.4183505726403534, 0.5816494273596465, 0, 0, correct
0.4210138801390226, 0.5789861198609775, 0, 0, correct
0.4200486421422393, 0.5799513578577606, 0, 0, correct
0.4490242335871017, 0.5509757664128984, 0, 0, correct
0.420398011041956, 0.5796019889580439, 0, 0, correct
0.3655593536479554, 0.6344406463520446, 0, 0, correct
0.41883309986191614, 0.5811669001380839, 0, 0, correct
0.4176135246998297, 0.5823864753001703, 0, 0, correct
0.42738148270646176, 0.5726185172935383, 0, 0, correct
0.33625980943669986, 0.6637401905633002, 0, 0, correct
0.4187574631583867, 0.5812425368416134, 0, 0, correct
0.41957485684546564, 0.5804251431545344, 0, 0, correct
0.36593061886799666, 0.6340693811320033, 0, 0, correct
0.33025478933577757, 0.6697452106642224, 0, 0, correct
0.33617224035604415, 0.6638277596439558, 0, 0, correct
0.4499460644264784, 0.5500539355735217, 0, 0, correct
0.4233622283135195, 0.5766377716864806, 0, 0, correct
0.45148950314082376, 0.5485104968591763, 0, 0, correct
0.41954200884378107, 0.5804579911562189, 0, 0, correct
0.4232647109463591, 0.5767352890536409, 0, 0, correct
0.35747894036754874, 0.6425210596324511, 0, 0, correct
0.3280294166327735, 0.6719705833672264, 0, 0, correct
0.41974528372913794, 0.580254716270862, 0, 0, correct
0.3279594008179169, 0.672040599182083, 0, 0, correct
0.3604218919996499, 0.6395781080003501, 0, 0, correct
0.3608371127803316, 0.6391628872196684, 0, 0, correct
0.3281921765207533, 0.6718078234792466, 0, 0, correct
0.4195092539751797, 0.5804907460248204, 0, 0, correct
0.4181874896257473, 0.5818125103742526, 0, 0, correct
0.4165855789080323, 0.5834144210919677, 0, 0, correct
0.4198228252109416, 0.5801771747890583, 0, 0, correct
0.3274299471653008, 0.6725700528346991, 0, 0, correct
0.3281880510143515, 0.6718119489856484, 0, 0, correct
0.5194199555508746, 0.4805800444491254, 1, 0, wrong
0.4099816650472763, 0.5900183349527236, 0, 0, correct
0.45164656382040136, 0.5483534361795985, 0, 0, correct
0.3361514453585277, 0.6638485546414722, 0, 0, correct
0.36101001754052053, 0.6389899824594796, 0, 0, correct
0.41865972798061607, 0.5813402720193839, 0, 0, correct
0.42562885516533966, 0.5743711448346602, 0, 0, correct
0.4247378951490758, 0.5752621048509241, 0, 0, correct
0.4202788791486587, 0.5797211208513413, 0, 0, correct
0.44974109728088907, 0.5502589027191109, 0, 0, correct
0.3268667435972272, 0.6731332564027728, 0, 0, correct
0.4151876897706427, 0.5848123102293574, 0, 0, correct
0.356503079383885, 0.643496920616115, 0, 0, correct
0.3447632597952392, 0.6552367402047607, 0, 0, correct
0.4557055569050367, 0.5442944430949633, 0, 0, correct
0.4174184338456047, 0.5825815661543954, 0, 0, correct
0.4183910905952059, 0.5816089094047941, 0, 0, correct
0.41946701256931734, 0.5805329874306826, 0, 0, correct
0.4251917887202208, 0.5748082112797792, 0, 0, correct
0.4120044336853399, 0.58799556631466, 0, 0, correct
0.3362544721260381, 0.663745527873962, 0, 0, correct
0.4064628380932392, 0.5935371619067608, 0, 0, correct
0.3630871504505259, 0.6369128495494739, 0, 0, correct
0.42653660162274193, 0.573463398377258, 0, 0, correct
0.45863170720867324, 0.5413682927913267, 0, 0, correct
0.3413811577164524, 0.6586188422835477, 0, 0, correct
0.3370682380471469, 0.6629317619528532, 0, 0, correct
0.4151606371021716, 0.5848393628978285, 0, 0, correct
0.4486417362682012, 0.5513582637317989, 0, 0, correct
0.35813280488586363, 0.6418671951141363, 0, 0, correct
0.4224845090397774, 0.5775154909602227, 0, 0, correct
0.3367903337769178, 0.6632096662230821, 0, 0, correct
0.41937220436457695, 0.5806277956354231, 0, 0, correct
0.36009161837196757, 0.6399083816280324, 0, 0, correct
0.40187015191727693, 0.5981298480827231, 0, 0, correct
0.3268194288044679, 0.6731805711955321, 0, 0, correct
0.3268573416917829, 0.6731426583082171, 0, 0, correct
0.4093416576518764, 0.5906583423481236, 0, 0, correct
0.36602448297782, 0.6339755170221801, 0, 0, correct
0.4178456782625468, 0.5821543217374532, 0, 0, correct
0.4195947109946593, 0.5804052890053408, 0, 0, correct
0.40372341228148884, 0.5962765877185112, 0, 0, correct
0.41613526803400425, 0.5838647319659958, 0, 0, correct
0.3588185673733332, 0.6411814326266668, 0, 0, correct
0.4156478357687577, 0.5843521642312424, 0, 0, correct
0.4129532464052129, 0.5870467535947872, 0, 0, correct
0.444165837870478, 0.5558341621295219, 0, 0, correct
0.3370259112203046, 0.6629740887796953, 0, 0, correct
0.396598215949304, 0.6034017840506959, 0, 0, correct
0.457557880539958, 0.542442119460042, 0, 0, correct
0.41853368550052705, 0.5814663144994731, 0, 0, correct
0.4133224944946238, 0.5866775055053762, 0, 0, correct
0.35675171575455655, 0.6432482842454434, 0, 0, correct
0.36099585244108856, 0.6390041475589114, 0, 0, correct
0.44626103751181895, 0.5537389624881811, 0, 0, correct
0.40452780777787106, 0.595472192222129, 0, 0, correct
0.4526385958817305, 0.5473614041182695, 0, 0, correct
0.3512786344713172, 0.6487213655286828, 0, 0, correct
0.3608235195730139, 0.639176480426986, 0, 0, correct
0.32685461945368777, 0.6731453805463122, 0, 0, correct
0.4079218636665434, 0.5920781363334565, 0, 0, correct
0.42122245319673174, 0.5787775468032682, 0, 0, correct
0.4227672760402298, 0.5772327239597702, 0, 0, correct
0.4195450610785973, 0.5804549389214027, 0, 0, correct
0.3629386438786065, 0.6370613561213935, 0, 0, correct
0.4191659515396099, 0.5808340484603901, 0, 0, correct
0.4100437645989039, 0.5899562354010961, 0, 0, correct
0.3577651581554297, 0.6422348418445702, 0, 0, correct
0.42278738632294494, 0.577212613677055, 0, 0, correct
0.42063787412814396, 0.579362125871856, 0, 0, correct
0.41676546386663765, 0.5832345361333624, 0, 0, correct
0.3285278626638271, 0.671472137336173, 0, 0, correct
0.3299252451704163, 0.6700747548295838, 0, 0, correct
0.4248007003860576, 0.5751992996139423, 0, 0, correct
0.42012587468381113, 0.5798741253161889, 0, 0, correct
0.3623452977125633, 0.6376547022874366, 0, 0, correct
0.41008871342819353, 0.5899112865718065, 0, 0, correct
0.45758767462949734, 0.5424123253705027, 0, 0, correct
0.3268685349334616, 0.6731314650665384, 0, 0, correct
0.4240368561465163, 0.5759631438534838, 0, 0, correct
0.41289377553371087, 0.5871062244662891, 0, 0, correct
0.4386829992641189, 0.5613170007358811, 0, 0, correct
0.42431937960667443, 0.5756806203933256, 0, 0, correct
0.37074578166857297, 0.6292542183314269, 0, 0, correct
0.3370042120175955, 0.6629957879824044, 0, 0, correct
0.4213097449716662, 0.5786902550283338, 0, 0, correct
0.3503618800885282, 0.6496381199114719, 0, 0, correct
0.3588546847988424, 0.6411453152011576, 0, 0, correct
0.33635526651488773, 0.6636447334851122, 0, 0, correct
0.4479724712252736, 0.5520275287747264, 0, 0, correct
0.3425718517968404, 0.6574281482031595, 0, 0, correct
0.41615254219547476, 0.5838474578045253, 0, 0, correct
0.34410862912455153, 0.6558913708754484, 0, 0, correct
0.41347376404133884, 0.586526235958661, 0, 0, correct
0.41096246745379655, 0.5890375325462035, 0, 0, correct
0.4126413832765648, 0.5873586167234351, 0, 0, correct
0.41913938627286446, 0.5808606137271355, 0, 0, correct
0.35830005619460703, 0.641699943805393, 0, 0, correct
0.4197072880710587, 0.5802927119289413, 0, 0, correct
0.32703971601064746, 0.6729602839893526, 0, 0, correct
0.42510181216681237, 0.5748981878331877, 0, 0, correct
0.4225366836075215, 0.5774633163924786, 0, 0, correct
0.4181205144061386, 0.5818794855938614, 0, 0, correct
0.41831231129871177, 0.5816876887012882, 0, 0, correct
0.41566982549675957, 0.5843301745032403, 0, 0, correct
0.4195482936288465, 0.5804517063711535, 0, 0, correct
0.40640887526052033, 0.5935911247394797, 0, 0, correct
0.453270620277963, 0.546729379722037, 0, 0, correct
0.42217129308263907, 0.5778287069173609, 0, 0, correct
0.41755469656460276, 0.5824453034353972, 0, 0, correct
0.4223881796570002, 0.5776118203429997, 0, 0, correct
0.41949506889503374, 0.5805049311049663, 0, 0, correct
0.42549937372431484, 0.5745006262756851, 0, 0, correct
0.4464542240659377, 0.5535457759340623, 0, 0, correct
0.36457220069187873, 0.6354277993081212, 0, 0, correct
0.35785400183283433, 0.6421459981671657, 0, 0, correct
0.41262181612594356, 0.5873781838740564, 0, 0, correct
0.419574252700257, 0.580425747299743, 0, 0, correct
0.3381147536441128, 0.6618852463558873, 0, 0, correct
0.3267758078914573, 0.6732241921085426, 0, 0, correct
0.40201005162030906, 0.597989948379691, 0, 0, correct
0.33665870501923595, 0.663341294980764, 0, 0, correct
0.41647503022682025, 0.5835249697731797, 0, 0, correct
0.45391128003384024, 0.5460887199661598, 0, 0, correct
0.32715136254370675, 0.6728486374562932, 0, 0, correct
0.4238788273205345, 0.5761211726794654, 0, 0, correct
0.41733281063770233, 0.5826671893622978, 0, 0, correct
0.35201073317558745, 0.6479892668244125, 0, 0, correct
0.4245301513053091, 0.575469848694691, 0, 0, correct
0.40089186748316225, 0.5991081325168378, 0, 0, correct
0.4095448530981821, 0.5904551469018179, 0, 0, correct
0.41493636904809106, 0.5850636309519089, 0, 0, correct
0.4238087662377586, 0.5761912337622415, 0, 0, correct
0.4635649667146927, 0.5364350332853072, 0, 0, correct
0.4128306282953653, 0.5871693717046347, 0, 0, correct
0.4118462925513195, 0.5881537074486806, 0, 0, correct
0.4150583299885228, 0.5849416700114771, 0, 0, correct
0.41576376105637775, 0.5842362389436223, 0, 0, correct
0.45928635875934964, 0.5407136412406502, 0, 0, correct
0.44821599679641805, 0.551784003203582, 0, 0, correct
0.4169865907790654, 0.5830134092209346, 0, 0, correct
0.3615314098605113, 0.6384685901394888, 0, 0, correct
0.32723032684436143, 0.6727696731556385, 0, 0, correct
0.45578973717340565, 0.5442102628265945, 0, 0, correct
0.41524760796539095, 0.584752392034609, 0, 0, correct
0.4227620067384311, 0.5772379932615688, 0, 0, correct
0.4085953762018468, 0.5914046237981532, 0, 0, correct
0.442434311795644, 0.5575656882043559, 0, 0, correct
0.4218944158407409, 0.5781055841592592, 0, 0, correct
0.32789376328274683, 0.6721062367172532, 0, 0, correct
0.3409686869599989, 0.6590313130400012, 0, 0, correct
0.3520358276188419, 0.6479641723811582, 0, 0, correct
0.32683993418312857, 0.6731600658168714, 0, 0, correct
0.3620751287408367, 0.6379248712591633, 0, 0, correct
0.3369772151318381, 0.663022784868162, 0, 0, correct
0.45608244321943553, 0.5439175567805645, 0, 0, correct
0.41629892890802556, 0.5837010710919746, 0, 0, correct
0.41489535979935444, 0.5851046402006456, 0, 0, correct
0.35400399579714126, 0.6459960042028587, 0, 0, correct
0.4232027141589816, 0.5767972858410183, 0, 0, correct
0.4238244119400376, 0.5761755880599624, 0, 0, correct
0.39513126017607353, 0.6048687398239265, 0, 0, correct
0.40543838172121244, 0.5945616182787876, 0, 0, correct
0.41197078095459694, 0.5880292190454032, 0, 0, correct
0.4212488496956498, 0.5787511503043502, 0, 0, correct
0.329175264704631, 0.6708247352953691, 0, 0, correct
0.3363130492773639, 0.6636869507226361, 0, 0, correct
0.341744020356763, 0.658255979643237, 0, 0, correct
0.3276356140972549, 0.672364385902745, 0, 0, correct
0.3363463234521892, 0.6636536765478107, 0, 0, correct
0.41897181961547586, 0.5810281803845242, 0, 0, correct
0.4131699843922693, 0.5868300156077306, 0, 0, correct
0.4557670651292413, 0.5442329348707587, 0, 0, correct
0.36310395021149094, 0.6368960497885091, 0, 0, correct
0.4048333470360278, 0.5951666529639723, 0, 0, correct
0.41865555717289243, 0.5813444428271076, 0, 0, correct
0.327229596461792, 0.672770403538208, 0, 0, correct
0.423781273886777, 0.576218726113223, 0, 0, correct
0.42377828445402377, 0.5762217155459762, 0, 0, correct
0.3296968831562189, 0.6703031168437811, 0, 0, correct
0.33717867895082576, 0.6628213210491744, 0, 0, correct
0.40102002714158885, 0.5989799728584112, 0, 0, correct
0.41583819509408404, 0.584161804905916, 0, 0, correct
0.33753715192360695, 0.662462848076393, 0, 0, correct
0.5050582668879511, 0.4949417331120489, 1, 0, wrong
0.4145435741297343, 0.5854564258702657, 0, 0, correct
0.36507487261441307, 0.6349251273855869, 0, 0, correct
0.4163330721631579, 0.5836669278368422, 0, 0, correct
0.4236549893756278, 0.5763450106243723, 0, 0, correct
0.5052179319778124, 0.4947820680221876, 1, 0, wrong
0.4205513324539231, 0.5794486675460769, 0, 0, correct
0.3440907574857572, 0.6559092425142429, 0, 0, correct
0.45093303324688505, 0.549066966753115, 0, 0, correct
0.3305045081235308, 0.6694954918764693, 0, 0, correct
0.45239019214830645, 0.5476098078516934, 0, 0, correct
0.3518030191138457, 0.6481969808861543, 0, 0, correct
0.41163618529960433, 0.5883638147003957, 0, 0, correct
0.4118212931062532, 0.5881787068937467, 0, 0, correct
0.4516907892138519, 0.5483092107861481, 0, 0, correct
0.34932310118978677, 0.6506768988102133, 0, 0, correct
0.4127370201719341, 0.5872629798280659, 0, 0, correct
0.33612303821704675, 0.6638769617829532, 0, 0, correct
0.42168102543881036, 0.5783189745611897, 0, 0, correct
0.425838921679548, 0.574161078320452, 0, 0, correct
0.351628145768705, 0.6483718542312951, 0, 0, correct
0.4201834296296113, 0.5798165703703887, 0, 0, correct
0.42473638181522216, 0.5752636181847779, 0, 0, correct
0.3360362075299361, 0.663963792470064, 0, 0, correct
0.4236584726924863, 0.5763415273075138, 0, 0, correct
0.410464498784573, 0.589535501215427, 0, 0, correct
0.32891058057539, 0.6710894194246101, 0, 0, correct
0.4191355653472255, 0.5808644346527744, 0, 0, correct
0.3558432878450558, 0.6441567121549442, 0, 0, correct
0.42678239817321384, 0.573217601826786, 0, 0, correct
0.4049766615338256, 0.5950233384661743, 0, 0, correct
0.35585990760298664, 0.6441400923970133, 0, 0, correct
0.4135115812095724, 0.5864884187904277, 0, 0, correct
0.4074834022136131, 0.5925165977863869, 0, 0, correct
0.42589346678395557, 0.5741065332160443, 0, 0, correct
0.3494310092318159, 0.650568990768184, 0, 0, correct
0.40845194300125276, 0.5915480569987471, 0, 0, correct
0.404723435584002, 0.5952765644159981, 0, 0, correct
0.41893770563926946, 0.5810622943607306, 0, 0, correct
0.4184731675756552, 0.5815268324243448, 0, 0, correct
0.37165164539492757, 0.6283483546050723, 0, 0, correct
0.42331437142926753, 0.5766856285707325, 0, 0, correct
0.45510326796628964, 0.5448967320337104, 0, 0, correct
0.4114982834644181, 0.588501716535582, 0, 0, correct
0.4577216895762367, 0.5422783104237633, 0, 0, correct
0.41889092687218665, 0.5811090731278133, 0, 0, correct
0.4204045492860258, 0.5795954507139741, 0, 0, correct
0.35879853393956074, 0.6412014660604394, 0, 0, correct
0.4250807342620974, 0.5749192657379025, 0, 0, correct
0.34041852940693995, 0.6595814705930599, 0, 0, correct
0.3585689393910313, 0.6414310606089687, 0, 0, correct
0.36274831282010067, 0.6372516871798992, 0, 0, correct
0.33183790212941205, 0.668162097870588, 0, 0, correct
0.3699399815357245, 0.6300600184642755, 0, 0, correct
0.44351558806141483, 0.5564844119385852, 0, 0, correct
0.45530991231526236, 0.5446900876847376, 0, 0, correct
0.4221499867511312, 0.5778500132488688, 0, 0, correct
0.4228851817391865, 0.5771148182608135, 0, 0, correct
0.36796456644866865, 0.6320354335513314, 0, 0, correct
0.4129613474765831, 0.5870386525234169, 0, 0, correct
0.37013292822620764, 0.6298670717737924, 0, 0, correct
0.36156185995379114, 0.6384381400462088, 0, 0, correct
0.3393072158734119, 0.660692784126588, 0, 0, correct
0.34095633616611887, 0.6590436638338812, 0, 0, correct
0.42499430102752106, 0.5750056989724789, 0, 0, correct
0.4206437580678191, 0.5793562419321809, 0, 0, correct
0.44700879513620867, 0.5529912048637914, 0, 0, correct
0.3368167403233229, 0.6631832596766769, 0, 0, correct
0.423438515965449, 0.576561484034551, 0, 0, correct
0.4264105338380997, 0.5735894661619003, 0, 0, correct
0.41918034707661794, 0.5808196529233821, 0, 0, correct
0.4249183008147786, 0.5750816991852215, 0, 0, correct
0.42018130911994384, 0.5798186908800561, 0, 0, correct
0.35822586705307086, 0.6417741329469291, 0, 0, correct
0.4207899374017858, 0.5792100625982143, 0, 0, correct
0.4165288079561818, 0.5834711920438181, 0, 0, correct
0.4155391914240621, 0.584460808575938, 0, 0, correct
0.4512980914296953, 0.5487019085703047, 0, 0, correct
0.3566575625322325, 0.6433424374677674, 0, 0, correct
0.3587209484665165, 0.6412790515334835, 0, 0, correct
0.418617928051654, 0.5813820719483459, 0, 0, correct
0.42703379177290485, 0.5729662082270952, 0, 0, correct
0.4251847606543572, 0.5748152393456427, 0, 0, correct
0.3685932549920246, 0.6314067450079754, 0, 0, correct
0.3394427213332664, 0.6605572786667336, 0, 0, correct
0.36400067011809506, 0.635999329881905, 0, 0, correct
0.4220445592361208, 0.5779554407638793, 0, 0, correct
0.35818762012121597, 0.6418123798787841, 0, 0, correct
0.4237841903915858, 0.5762158096084142, 0, 0, correct
0.41826412048236405, 0.5817358795176361, 0, 0, correct
0.3583116187598912, 0.6416883812401089, 0, 0, correct
0.5043998901120276, 0.4956001098879725, 1, 0, wrong
0.41606829366177855, 0.5839317063382214, 0, 0, correct
0.4026557740131093, 0.5973442259868906, 0, 0, correct
0.4523256862365475, 0.5476743137634527, 0, 0, correct
0.4558482385925735, 0.5441517614074266, 0, 0, correct
0.3632065211793029, 0.6367934788206971, 0, 0, correct
0.41741129069974914, 0.5825887093002508, 0, 0, correct
0.42378292287289515, 0.5762170771271048, 0, 0, correct
0.35640784158991834, 0.6435921584100817, 0, 0, correct
0.41642521505333424, 0.5835747849466657, 0, 0, correct
0.4159126491594657, 0.5840873508405344, 0, 0, correct
0.43222760398386634, 0.5677723960161337, 0, 0, correct
0.4207056426517536, 0.5792943573482464, 0, 0, correct
0.44771461461720446, 0.5522853853827956, 0, 0, correct
0.44523638013880656, 0.5547636198611935, 0, 0, correct
0.41826323790772096, 0.5817367620922791, 0, 0, correct
0.3657016431713487, 0.6342983568286513, 0, 0, correct
0.4192178429908802, 0.5807821570091197, 0, 0, correct
0.3279816318289938, 0.6720183681710062, 0, 0, correct
0.4110114588221081, 0.5889885411778919, 0, 0, correct
0.4177014946952132, 0.5822985053047869, 0, 0, correct
0.44974333198157807, 0.5502566680184219, 0, 0, correct
0.36521585880502233, 0.6347841411949776, 0, 0, correct
0.419078728410527, 0.5809212715894729, 0, 0, correct
0.4113017392621577, 0.5886982607378424, 0, 0, correct
0.33689454251954043, 0.6631054574804597, 0, 0, correct
0.36899206076579416, 0.6310079392342058, 0, 0, correct
0.3708104204103527, 0.6291895795896473, 0, 0, correct
0.32713726976099344, 0.6728627302390066, 0, 0, correct
0.41648105491619064, 0.5835189450838093, 0, 0, correct
0.412026250162044, 0.587973749837956, 0, 0, correct
0.33700910733870876, 0.6629908926612913, 0, 0, correct
0.3277952471816961, 0.6722047528183038, 0, 0, correct
0.35006865447645424, 0.6499313455235456, 0, 0, correct
0.44223207832708944, 0.5577679216729104, 0, 0, correct
0.3363990425195184, 0.6636009574804816, 0, 0, correct
0.3704890728700891, 0.6295109271299109, 0, 0, correct
0.4562530413212528, 0.5437469586787472, 0, 0, correct
0.42745720917684554, 0.5725427908231545, 0, 0, correct
0.4180202782334429, 0.5819797217665572, 0, 0, correct
0.4383473898690546, 0.5616526101309454, 0, 0, correct
0.41303155436585615, 0.5869684456341439, 0, 0, correct
0.41522324370272695, 0.584776756297273, 0, 0, correct
0.42025690855947534, 0.5797430914405246, 0, 0, correct
0.41778980357595524, 0.5822101964240448, 0, 0, correct
0.41148388334992897, 0.5885161166500711, 0, 0, correct
0.442848905387443, 0.557151094612557, 0, 0, correct
0.3289234831952196, 0.6710765168047803, 0, 0, correct
0.38270240184768584, 0.6172975981523142, 0, 0, correct
0.41465904554002686, 0.5853409544599731, 0, 0, correct
0.4521775093404323, 0.5478224906595676, 0, 0, correct
0.45327213170366276, 0.5467278682963373, 0, 0, correct
0.4187457388060068, 0.5812542611939933, 0, 0, correct
0.4479419719715211, 0.552058028028479, 0, 0, correct
0.4237366862782646, 0.5762633137217354, 0, 0, correct
0.4243793332162567, 0.5756206667837434, 0, 0, correct
0.350822681279874, 0.649177318720126, 0, 0, correct
0.4085073229454567, 0.5914926770545433, 0, 0, correct
0.41836752931757537, 0.5816324706824245, 0, 0, correct
0.4151670920327822, 0.5848329079672179, 0, 0, correct
0.4115786038854845, 0.5884213961145156, 0, 0, correct
0.4185212467072986, 0.5814787532927015, 0, 0, correct
0.35204123528375353, 0.6479587647162465, 0, 0, correct
0.34734433875910853, 0.6526556612408914, 0, 0, correct
0.4651920221782111, 0.534807977821789, 0, 0, correct
0.34375615198377146, 0.6562438480162286, 0, 0, correct
0.327901257647024, 0.672098742352976, 0, 0, correct
0.4349208035368546, 0.5650791964631454, 0, 0, correct
0.4264564256679881, 0.573543574332012, 0, 0, correct
0.36669459561494333, 0.6333054043850566, 0, 0, correct
0.3705201935969795, 0.6294798064030205, 0, 0, correct
0.46000258846946257, 0.5399974115305374, 0, 0, correct
0.41902157066450524, 0.5809784293354948, 0, 0, correct
0.3361473095092974, 0.6638526904907027, 0, 0, correct
0.4235267224117203, 0.5764732775882798, 0, 0, correct
0.40313978416366075, 0.5968602158363393, 0, 0, correct
0.3731244749088189, 0.6268755250911812, 0, 0, correct
0.4246613871607963, 0.5753386128392037, 0, 0, correct
0.42350180638217827, 0.5764981936178217, 0, 0, correct
0.42122290303287896, 0.578777096967121, 0, 0, correct
0.4175719489895201, 0.5824280510104799, 0, 0, correct
0.418994061468949, 0.581005938531051, 0, 0, correct
0.4548366161879788, 0.5451633838120211, 0, 0, correct
0.3373790851702142, 0.6626209148297858, 0, 0, correct
0.3690959540209576, 0.6309040459790424, 0, 0, correct
0.4186533393652694, 0.5813466606347306, 0, 0, correct
0.4122235485511808, 0.5877764514488193, 0, 0, correct
0.4202770449719959, 0.5797229550280041, 0, 0, correct
0.41887040923562524, 0.5811295907643749, 0, 0, correct
0.42375622993966455, 0.5762437700603353, 0, 0, correct
0.37061784045753976, 0.6293821595424601, 0, 0, correct
0.42048043032937593, 0.5795195696706241, 0, 0, correct
0.3400045006956104, 0.6599954993043896, 0, 0, correct
0.41835200140768397, 0.5816479985923161, 0, 0, correct
0.41421483570615447, 0.5857851642938455, 0, 0, correct
0.39488367230817034, 0.6051163276918297, 0, 0, correct
0.35768543854878765, 0.6423145614512124, 0, 0, correct
0.41827382154065557, 0.5817261784593444, 0, 0, correct
0.4213026058815703, 0.5786973941184296, 0, 0, correct
0.42364643490140386, 0.5763535650985961, 0, 0, correct
0.380418760050451, 0.619581239949549, 0, 0, correct
0.4233082575347768, 0.5766917424652233, 0, 0, correct
0.413410901899169, 0.586589098100831, 0, 0, correct
0.42237556988279296, 0.577624430117207, 0, 0, correct
0.42702221846375793, 0.572977781536242, 0, 0, correct
0.406127761112232, 0.593872238887768, 0, 0, correct
0.42645796336299957, 0.5735420366370005, 0, 0, correct
0.35155504410218474, 0.6484449558978154, 0, 0, correct
0.41876597412433136, 0.5812340258756687, 0, 0, correct
0.420855235799722, 0.5791447642002779, 0, 0, correct
0.41096858124693675, 0.5890314187530632, 0, 0, correct
0.41936957296906857, 0.5806304270309315, 0, 0, correct
0.41972903018906554, 0.5802709698109345, 0, 0, correct
0.37031171650448425, 0.6296882834955156, 0, 0, correct
0.3648361186187644, 0.6351638813812356, 0, 0, correct
0.41827618331948135, 0.5817238166805186, 0, 0, correct
0.42096278202815635, 0.5790372179718437, 0, 0, correct
0.4489275469707224, 0.5510724530292777, 0, 0, correct
0.3442658729303832, 0.6557341270696169, 0, 0, correct
0.36297880814989586, 0.6370211918501042, 0, 0, correct
0.3363055071338699, 0.6636944928661299, 0, 0, correct
0.4198114515730847, 0.5801885484269154, 0, 0, correct
0.3269573572387481, 0.6730426427612519, 0, 0, correct
0.42629649763128036, 0.5737035023687197, 0, 0, correct
0.4071115371871047, 0.5928884628128953, 0, 0, correct
0.4191867999307784, 0.5808132000692215, 0, 0, correct
0.32680552891520814, 0.6731944710847919, 0, 0, correct
0.36342348435169475, 0.6365765156483052, 0, 0, correct
0.41069874869642586, 0.5893012513035742, 0, 0, correct
0.44215036332560115, 0.5578496366743988, 0, 0, correct
0.3272328308982801, 0.67276716910172, 0, 0, correct
0.4505075974203077, 0.5494924025796922, 0, 0, correct
0.4167783789847759, 0.5832216210152241, 0, 0, correct
0.44734263476648106, 0.552657365233519, 0, 0, correct
0.42055023594129276, 0.5794497640587072, 0, 0, correct
0.3368887941769656, 0.6631112058230344, 0, 0, correct
0.4473809814363631, 0.5526190185636369, 0, 0, correct
0.4041508772667834, 0.5958491227332166, 0, 0, correct
0.4169152767310593, 0.5830847232689407, 0, 0, correct
0.3369041868327571, 0.6630958131672429, 0, 0, correct
0.4526038592848838, 0.5473961407151161, 0, 0, correct
0.4459638829250608, 0.5540361170749393, 0, 0, correct
0.4177550754205625, 0.5822449245794374, 0, 0, correct
0.43227598734053874, 0.5677240126594613, 0, 0, correct
0.4176674015730418, 0.5823325984269583, 0, 0, correct
0.4057100413080057, 0.5942899586919943, 0, 0, correct
0.42460198379800757, 0.5753980162019924, 0, 0, correct
0.38591595661726524, 0.6140840433827348, 0, 0, correct
0.4120894590989355, 0.5879105409010644, 0, 0, correct
0.37053064517195994, 0.6294693548280401, 0, 0, correct
0.36883712718726325, 0.6311628728127368, 0, 0, correct
0.41047416157390504, 0.5895258384260949, 0, 0, correct
0.3637345159860306, 0.6362654840139694, 0, 0, correct
0.4062257998006461, 0.5937742001993539, 0, 0, correct
0.45823855606176306, 0.5417614439382369, 0, 0, correct
0.4194107475832344, 0.5805892524167657, 0, 0, correct
0.4103679132928685, 0.5896320867071316, 0, 0, correct
0.39666745056049385, 0.6033325494395061, 0, 0, correct
0.4171062843540479, 0.5828937156459522, 0, 0, correct
0.3287359975120168, 0.6712640024879831, 0, 0, correct
0.4092396257285779, 0.590760374271422, 0, 0, correct
0.418904137067585, 0.5810958629324151, 0, 0, correct
0.4103710433042835, 0.5896289566957165, 0, 0, correct
0.41799616006234247, 0.5820038399376575, 0, 0, correct
0.42058535754785603, 0.579414642452144, 0, 0, correct
0.4084761010365126, 0.5915238989634873, 0, 0, correct
0.36593070951139234, 0.6340692904886076, 0, 0, correct
0.4256163920701508, 0.5743836079298492, 0, 0, correct
0.36504699235287286, 0.6349530076471273, 0, 0, correct
0.41935749933091965, 0.5806425006690804, 0, 0, correct
0.4512546024215284, 0.5487453975784715, 0, 0, correct
0.41070702327530834, 0.5892929767246916, 0, 0, correct
0.4143175618554487, 0.5856824381445513, 0, 0, correct
0.4574132773960688, 0.5425867226039311, 0, 0, correct
0.4076596374931951, 0.5923403625068049, 0, 0, correct
0.32691986561636144, 0.6730801343836386, 0, 0, correct
0.42038549997303054, 0.5796145000269696, 0, 0, correct
0.4194848276165799, 0.5805151723834202, 0, 0, correct
0.44691313036693314, 0.5530868696330669, 0, 0, correct
0.36585010096203324, 0.6341498990379668, 0, 0, correct
0.4174669783021216, 0.5825330216978785, 0, 0, correct
0.4029551679406178, 0.5970448320593822, 0, 0, correct
0.4049079447090804, 0.5950920552909196, 0, 0, correct
0.4243044245949101, 0.5756955754050899, 0, 0, correct
0.4177577580011251, 0.582242241998875, 0, 0, correct
0.4134268367248426, 0.5865731632751575, 0, 0, correct
0.3280906598429104, 0.6719093401570896, 0, 0, correct
0.4170390559885984, 0.5829609440114015, 0, 0, correct
0.4131318600451155, 0.5868681399548844, 0, 0, correct
0.40524702185624994, 0.59475297814375, 0, 0, correct
0.37786402684064085, 0.6221359731593591, 0, 0, correct
0.3369707409807981, 0.663029259019202, 0, 0, correct
0.4281328684557189, 0.571867131544281, 0, 0, correct
0.3361394603522854, 0.6638605396477145, 0, 0, correct
0.44488472851572913, 0.5551152714842708, 0, 0, correct
0.3283401660563181, 0.6716598339436819, 0, 0, correct
0.3513849261588098, 0.6486150738411901, 0, 0, correct
0.42079718921764153, 0.5792028107823585, 0, 0, correct
0.4122598287785463, 0.5877401712214538, 0, 0, correct
0.4174602480966961, 0.5825397519033039, 0, 0, correct
0.4167773932586001, 0.5832226067413999, 0, 0, correct
0.42426633306026734, 0.5757336669397327, 0, 0, correct
0.32706895351934884, 0.672931046480651, 0, 0, correct
0.327478544900228, 0.6725214550997721, 0, 0, correct
0.4495066050846231, 0.550493394915377, 0, 0, correct
0.3266558730805922, 0.6733441269194077, 0, 0, correct
0.3488507625238869, 0.6511492374761131, 0, 0, correct
0.3268495340522419, 0.6731504659477583, 0, 0, correct
0.3268777366021813, 0.6731222633978188, 0, 0, correct
0.4164552606034164, 0.5835447393965835, 0, 0, correct
0.4190253099236049, 0.580974690076395, 0, 0, correct
0.4210531276845782, 0.5789468723154219, 0, 0, correct
0.35686100193760006, 0.6431389980623998, 0, 0, correct
0.42242318334169593, 0.5775768166583042, 0, 0, correct
0.4522773840187565, 0.5477226159812436, 0, 0, correct
0.41670472241855905, 0.5832952775814408, 0, 0, correct
0.41211492756135304, 0.587885072438647, 0, 0, correct
0.4253357577874518, 0.5746642422125483, 0, 0, correct
0.3625316604127047, 0.6374683395872954, 0, 0, correct
0.42589173407538405, 0.574108265924616, 0, 0, correct
0.36432971280436777, 0.6356702871956322, 0, 0, correct
0.42395162344029, 0.57604837655971, 0, 0, correct
0.41899192888973036, 0.5810080711102698, 0, 0, correct
0.4180003838863128, 0.5819996161136872, 0, 0, correct
0.3362920622729391, 0.6637079377270609, 0, 0, correct
0.415037492655087, 0.584962507344913, 0, 0, correct
0.36135060005911845, 0.6386493999408817, 0, 0, correct
0.41172498334874225, 0.5882750166512578, 0, 0, correct
0.4167476709474775, 0.5832523290525226, 0, 0, correct
0.41044784494208436, 0.5895521550579157, 0, 0, correct
0.4480762604386029, 0.5519237395613972, 0, 0, correct
0.4233880369129051, 0.576611963087095, 0, 0, correct
0.4071097517322803, 0.5928902482677197, 0, 0, correct
0.42677819094310065, 0.5732218090568995, 0, 0, correct
0.4193268567003879, 0.5806731432996122, 0, 0, correct
0.34975883416054776, 0.6502411658394522, 0, 0, correct
0.42065046950968193, 0.5793495304903181, 0, 0, correct
0.4524625370672156, 0.5475374629327844, 0, 0, correct
0.4167433990216085, 0.5832566009783915, 0, 0, correct
0.4137074895365287, 0.5862925104634713, 0, 0, correct
0.34204676476946577, 0.6579532352305342, 0, 0, correct
0.4483485857624365, 0.5516514142375635, 0, 0, correct
0.4504941970276322, 0.5495058029723678, 0, 0, correct
0.4247970346635669, 0.5752029653364332, 0, 0, correct
0.422860938284206, 0.5771390617157941, 0, 0, correct
0.365512543967796, 0.634487456032204, 0, 0, correct
0.3279555148486886, 0.6720444851513114, 0, 0, correct
0.3555066817689542, 0.6444933182310458, 0, 0, correct
0.42387544017319584, 0.5761245598268042, 0, 0, correct
0.35152912115629587, 0.6484708788437041, 0, 0, correct
0.3572941558243661, 0.6427058441756339, 0, 0, correct
0.41731387140650017, 0.5826861285934999, 0, 0, correct
0.44682053961411744, 0.5531794603858826, 0, 0, correct
0.425855298283053, 0.5741447017169469, 0, 0, correct
0.4117705901079928, 0.5882294098920071, 0, 0, correct
0.41924446367697477, 0.5807555363230252, 0, 0, correct
0.33734681677170525, 0.6626531832282948, 0, 0, correct
0.34946541493625666, 0.6505345850637434, 0, 0, correct
0.42179207138601144, 0.5782079286139886, 0, 0, correct
0.4193073426676995, 0.5806926573323006, 0, 0, correct
0.3296844647172696, 0.6703155352827304, 0, 0, correct
0.4185982176647648, 0.5814017823352352, 0, 0, correct
0.3705420362434088, 0.6294579637565912, 0, 0, correct
0.42327399145817646, 0.5767260085418235, 0, 0, correct
0.41936835977627185, 0.5806316402237283, 0, 0, correct
0.42450401058431403, 0.5754959894156859, 0, 0, correct
0.35741300540370163, 0.6425869945962983, 0, 0, correct
0.3371183879490654, 0.6628816120509347, 0, 0, correct
0.36026764022152846, 0.6397323597784715, 0, 0, correct
0.36413184349198363, 0.6358681565080163, 0, 0, correct
0.3692492526264468, 0.6307507473735533, 0, 0, correct
0.3696782209017208, 0.6303217790982791, 0, 0, correct
0.41506482800211364, 0.5849351719978864, 0, 0, correct
0.42332147831432704, 0.576678521685673, 0, 0, correct
0.36875580875313735, 0.6312441912468626, 0, 0, correct
0.3365833771993945, 0.6634166228006055, 0, 0, correct
0.3388071663495899, 0.6611928336504101, 0, 0, correct
0.35076506150808323, 0.6492349384919168, 0, 0, correct
0.3289298049854571, 0.6710701950145429, 0, 0, correct
0.3367951431204121, 0.663204856879588, 0, 0, correct
0.49750719231123475, 0.5024928076887651, 0, 0, correct
0.4226460172071278, 0.5773539827928722, 0, 0, correct
0.40350200237112854, 0.5964979976288716, 0, 0, correct
0.3997328086569006, 0.6002671913430995, 0, 0, correct
0.4193371961821617, 0.5806628038178383, 0, 0, correct
0.3377992332821382, 0.6622007667178619, 0, 0, correct
0.3695104139536338, 0.6304895860463662, 0, 0, correct
0.40601032943572857, 0.5939896705642713, 0, 0, correct
0.36594411278434963, 0.6340558872156503, 0, 0, correct
0.42520246270928147, 0.5747975372907186, 0, 0, correct
0.4180609394690733, 0.5819390605309268, 0, 0, correct
0.4181109469132392, 0.5818890530867608, 0, 0, correct
0.3277817649447495, 0.6722182350552505, 0, 0, correct
0.3442231904377328, 0.6557768095622671, 0, 0, correct
0.3278166686783214, 0.6721833313216786, 0, 0, correct
0.41973367511248844, 0.5802663248875115, 0, 0, correct
0.3645294480679945, 0.6354705519320054, 0, 0, correct
0.429796876793187, 0.5702031232068129, 0, 0, correct
0.4418733109666465, 0.5581266890333535, 0, 0, correct
0.4198377968830036, 0.5801622031169963, 0, 0, correct
0.3704956812129621, 0.6295043187870379, 0, 0, correct
0.42055492375962467, 0.5794450762403754, 0, 0, correct
0.44760955633820454, 0.5523904436617955, 0, 0, correct
0.4498589034492317, 0.5501410965507684, 0, 0, correct
0.4260069386930781, 0.5739930613069218, 0, 0, correct
0.42310841099715996, 0.5768915890028401, 0, 0, correct
0.4035840869902467, 0.5964159130097533, 0, 0, correct
0.36350054576538804, 0.636499454234612, 0, 0, correct
0.33533559377574723, 0.6646644062242527, 0, 0, correct
0.33755350326011885, 0.6624464967398811, 0, 0, correct
0.35622493280588097, 0.643775067194119, 0, 0, correct
0.3632933899521704, 0.6367066100478296, 0, 0, correct
0.454777820083302, 0.545222179916698, 0, 0, correct
0.42416477272318065, 0.5758352272768194, 0, 0, correct
0.4159825085406536, 0.5840174914593464, 0, 0, correct
0.33626928719832117, 0.6637307128016787, 0, 0, correct
0.3390890732129608, 0.6609109267870392, 0, 0, correct
0.35731276820694513, 0.642687231793055, 0, 0, correct
0.41594991378584234, 0.5840500862141577, 0, 0, correct
0.36851563784651875, 0.6314843621534812, 0, 0, correct
0.40341320427316546, 0.5965867957268345, 0, 0, correct
0.3695411718145184, 0.6304588281854817, 0, 0, correct
0.4240491406695561, 0.5759508593304438, 0, 0, correct
0.42633735054705807, 0.573662649452942, 0, 0, correct
0.4136283802633697, 0.5863716197366304, 0, 0, correct
0.42055044025759486, 0.5794495597424051, 0, 0, correct
0.4237841683276179, 0.5762158316723821, 0, 0, correct
0.4189177088806753, 0.5810822911193246, 0, 0, correct
0.3279300305810667, 0.6720699694189333, 0, 0, correct
0.34920911134627625, 0.6507908886537237, 0, 0, correct
0.35826339007360436, 0.6417366099263956, 0, 0, correct
0.32717489528860005, 0.6728251047114, 0, 0, correct
0.40831874707178734, 0.5916812529282126, 0, 0, correct
0.4202525152271171, 0.5797474847728827, 0, 0, correct
0.33626594629214485, 0.6637340537078551, 0, 0, correct
0.34997927480436924, 0.6500207251956308, 0, 0, correct
0.4243479224815531, 0.5756520775184469, 0, 0, correct
0.42366958973810037, 0.5763304102618997, 0, 0, correct
0.3605309754556711, 0.639469024544329, 0, 0, correct
0.3622851746107978, 0.6377148253892022, 0, 0, correct
0.32936962357774685, 0.6706303764222532, 0, 0, correct
0.3515988822374409, 0.6484011177625593, 0, 0, correct
0.41186447456547454, 0.5881355254345254, 0, 0, correct
0.4190246394635768, 0.5809753605364231, 0, 0, correct
0.3520157233643529, 0.6479842766356471, 0, 0, correct
0.4006949804277268, 0.5993050195722732, 0, 0, correct
0.4570963447765149, 0.5429036552234852, 0, 0, correct
0.36770093658330827, 0.6322990634166918, 0, 0, correct
0.4213589087847607, 0.5786410912152394, 0, 0, correct
0.4028742511356815, 0.5971257488643185, 0, 0, correct
0.41873621615370055, 0.5812637838462994, 0, 0, correct
0.41107725621325863, 0.5889227437867414, 0, 0, correct
0.35645667526124414, 0.6435433247387558, 0, 0, correct
0.35574678689675027, 0.6442532131032498, 0, 0, correct
0.3631614393144869, 0.6368385606855131, 0, 0, correct
0.4210711054382635, 0.5789288945617365, 0, 0, correct
0.41671803372358596, 0.5832819662764139, 0, 0, correct
0.41846617329949787, 0.5815338267005021, 0, 0, correct
0.4007645675009677, 0.5992354324990323, 0, 0, correct
0.4479558621673579, 0.5520441378326421, 0, 0, correct
0.3287019372775922, 0.6712980627224078, 0, 0, correct
0.33626993252386744, 0.6637300674761326, 0, 0, correct
0.33641664494224527, 0.6635833550577548, 0, 0, correct
0.4244830490299932, 0.5755169509700069, 0, 0, correct
0.42050322510702, 0.57949677489298, 0, 0, correct
0.46133531977331116, 0.5386646802266889, 0, 0, correct
0.32795762427313446, 0.6720423757268656, 0, 0, correct
0.4249380171788345, 0.5750619828211655, 0, 0, correct
0.42590194182205865, 0.5740980581779414, 0, 0, correct
0.36097421663881657, 0.6390257833611834, 0, 0, correct
0.42465583457726747, 0.5753441654227325, 0, 0, correct
0.41866072867815407, 0.5813392713218459, 0, 0, correct
0.3362243019542085, 0.6637756980457914, 0, 0, correct
0.4103740653478753, 0.5896259346521248, 0, 0, correct
0.41523825863324076, 0.5847617413667593, 0, 0, correct
0.4130248363082877, 0.5869751636917122, 0, 0, correct
0.42554330222061776, 0.5744566977793821, 0, 0, correct
0.3634324833078201, 0.6365675166921799, 0, 0, correct
0.35600500011825054, 0.6439949998817494, 0, 0, correct
0.42075328567229, 0.57924671432771, 0, 0, correct
0.4134350905553916, 0.5865649094446084, 0, 0, correct
0.36852823143159985, 0.6314717685684003, 0, 0, correct
0.42118691126954527, 0.5788130887304547, 0, 0, correct
0.42017652179581405, 0.5798234782041859, 0, 0, correct
0.4198504799927944, 0.5801495200072057, 0, 0, correct
0.4045280653398847, 0.5954719346601152, 0, 0, correct
0.4253780928596763, 0.5746219071403237, 0, 0, correct
0.4520185664098229, 0.5479814335901771, 0, 0, correct
0.3278922191008067, 0.6721077808991934, 0, 0, correct
0.4187147987039592, 0.5812852012960408, 0, 0, correct
0.39576993858974335, 0.6042300614102566, 0, 0, correct
0.41728558428147067, 0.5827144157185293, 0, 0, correct
0.41929255693478806, 0.5807074430652119, 0, 0, correct
0.41911300773920845, 0.5808869922607914, 0, 0, correct
0.3577833790216347, 0.6422166209783653, 0, 0, correct
0.423353153479721, 0.576646846520279, 0, 0, correct
0.3989078292506678, 0.6010921707493321, 0, 0, correct
0.3574140246863801, 0.6425859753136199, 0, 0, correct
0.4183683747046951, 0.5816316252953048, 0, 0, correct
0.4181174173463464, 0.5818825826536537, 0, 0, correct
0.3377154360888668, 0.6622845639111332, 0, 0, correct
0.36488229432046276, 0.6351177056795372, 0, 0, correct
0.40950277596405343, 0.5904972240359465, 0, 0, correct
0.3614883751255682, 0.6385116248744318, 0, 0, correct
0.413337018103845, 0.586662981896155, 0, 0, correct
0.3705036089522924, 0.6294963910477076, 0, 0, correct
0.3691801749478426, 0.6308198250521574, 0, 0, correct
0.34934944109041527, 0.6506505589095848, 0, 0, correct
0.33617957567705564, 0.6638204243229442, 0, 0, correct
0.3585476217488078, 0.6414523782511923, 0, 0, correct
0.3279097599476602, 0.67209024005234, 0, 0, correct
0.336005756458153, 0.663994243541847, 0, 0, correct
0.3377234630731457, 0.6622765369268544, 0, 0, correct
0.3360981511757646, 0.6639018488242354, 0, 0, correct
0.41844983946785436, 0.5815501605321457, 0, 0, correct

STD Accuracy: 0.9551616266944735
Balanced Acc: 0.014676278563656149
Confusion matrix: TN:4 FP:915 FN:39 TP:1
Overall Test time: 0.020934104919433594
Mean inference time: 8.05327740650356e-06
AUC: 0.014676278563656154
F1-score: 0.0020920502092050207
